6.128607594936709 0.0046511627906979935
6.292658227848102 0.0046511627906979935
6.456708860759495 0.0046511627906979935
6.620759493670887 0.0046511627906979935
6.784810126582279 0.0046511627906979935
6.948860759493671 0.0046511627906979935
7.1129113924050635 0.0046511627906979935
7.276962025316456 0.007392026578073363
7.441012658227849 0.018853820598006887
7.536708860759495 0.03903654485049857
7.591392405063292 0.06146179401993379
7.61873417721519 0.08949335548172777
7.651544303797468 0.11707641196013319
7.680253164556962 0.16312292358804004
7.6597468354430385 0.1421926910299005
7.706227848101266 0.2163455149501663
7.687088607594937 0.19451827242524933
7.673417721518987 0.1780730897009969
7.733569620253165 0.2827242524916945
7.728101265822786 0.26079734219269124
7.714430379746836 0.24385382059800675
7.760911392405063 0.36644518272425264
7.755443037974684 0.3435215946843855
7.741772151898735 0.32757475083056486
7.741772151898735 0.30963455149501673
7.782784810126583 0.4696013289036546
7.782784810126583 0.4481727574750832
7.782784810126583 0.4307308970099669
7.769113924050634 0.411295681063123
7.769113924050634 0.39335548172757484
7.815594936708861 0.5697674418604651
7.810126582278482 0.5458471760797343
7.810126582278482 0.5294019933554818
7.796455696202532 0.5099667774086379
7.796455696202532 0.4920265780730898
7.8374683544303805 0.663953488372093
7.8443037974683545 0.6407807308970099
7.823797468354432 0.6235880398671096
7.823797468354432 0.6056478405315615
7.810126582278482 0.593687707641196
7.870278481012658 0.7467774086378738
7.864810126582279 0.7222591362126246
7.851139240506329 0.7043189368770764
7.851139240506329 0.6863787375415282
7.897620253164558 0.806578073089701
7.892151898734178 0.7850498338870432
7.864810126582279 0.7730897009966777
7.924962025316455 0.8454485049833886
7.892151898734178 0.8299003322259135
7.946835443037975 0.8762458471760797
8.012455696202533 0.8990897009966776
8.151898734177216 0.9193521594684384
8.315949367088608 0.9298172757475083
8.48 0.9158637873754152
8.644050632911394 0.9021594684385381
8.794430379746835 0.8870099667774085
8.90379746835443 0.8667774086378737
9.026835443037974 0.8548172757475082
9.149873417721519 0.8712624584717608
9.231898734177216 0.893189368770764
9.313924050632913 0.9111295681063123
9.368607594936709 0.9325581395348836
9.450632911392406 0.9534883720930232
9.532658227848103 0.9744186046511627
9.628354430379748 0.9928571428571428
9.901772151898735 0.9896179401993355
10.02481012658228 0.9704318936877075
10.120506329113926 0.9487541528239202
10.257215189873419 0.9280730897009966
10.421265822784811 0.9183554817275748
10.585316455696203 0.921843853820598
10.735696202531646 0.9112292358803986
10.84506329113924 0.8887043189368771
10.927088607594937 0.8692691029900332
10.995443037974685 0.8448006644518272
11.09113924050633 0.8264119601328903
11.186835443037975 0.8082225913621262
11.323544303797469 0.7912790697674419
11.487594936708863 0.7760797342192691
11.651645569620253 0.7633720930232558
11.815696202531647 0.7441860465116279
11.95240506329114 0.7308554817275748
12.034430379746837 0.7140365448504984
12.089113924050634 0.6957225913621263
12.19848101265823 0.6732973421926911
12.335189873417722 0.6574750830564784
12.458227848101266 0.6445182724252492
12.540253164556963 0.6232142857142857
12.59493670886076 0.598546511627907
12.663291139240508 0.5776162790697675
12.745316455696203 0.5563122923588041
12.806835443037976 0.5350083056478406
12.84101265822785 0.5194352159468439
12.895696202531648 0.5013704318936878
12.961316455696203 0.47857142857142865
13.01873417721519 0.45950996677740874
13.05974683544304 0.44219269102990044
13.114430379746837 0.42176079734219274
13.180050632911392 0.4011295681063124
13.223797468354432 0.3843853820598008
13.27848101265823 0.3659468438538207
13.344101265822786 0.3425249169435217
13.401518987341774 0.32383720930232573
13.442531645569622 0.3071428571428574
13.538227848101267 0.2834717607973424
13.661265822784811 0.2644850498338871
13.797974683544306 0.2474418604651164
13.948354430379748 0.2286544850498341
14.09873417721519 0.21126245847176106
14.208101265822787 0.19152823920265794
14.290126582278482 0.17109634551495045
14.37215189873418 0.15215946843853834
14.43594936708861 0.13222591362126268
14.549873417721521 0.11553156146179411
14.713924050632913 0.10033222591362145
14.877974683544306 0.08787375415282406
15.042025316455698 0.07641196013289053
15.20607594936709 0.06569767441860486
15.370126582278482 0.05598006644518305
15.534177215189874 0.05323920265780746
15.698227848101267 0.05249169435215961
15.862278481012659 0.04676079734219285
16.026329113924053 0.02931893687707654
16.190379746835447 0.02284053156146193
16.354430379746837 0.021594684385382257
16.518481012658228 0.021594684385382257
16.68253164556962 0.02259136212624613
16.846582278481016 0.02209302325581408
17.010632911392406 0.019352159468438934
17.174683544303797 0.015863787375415495
17.33873417721519 0.012873754152824102
17.502784810126585 0.010132890365448732
17.666835443037975 0.008388704318937013
17.83088607594937 0.007641196013289164
17.940253164556964 0.007641196013289164

